-1.459156116666658249e+02
-1.419253116666658343e+02
-1.371800116666658198e+02
-1.327870116666658191e+02
-1.269321116666658327e+02
-1.220794116666658340e+02
-1.176831116666658374e+02
-1.117574116666658313e+02
-1.075126116666658334e+02
-1.026911116666658330e+02
-9.860421166666583304e+01
-9.281651166666583208e+01
-8.811711166666583495e+01
-8.381541166666583820e+01
-8.023601166666583140e+01
-7.669421166666583645e+01
-7.042031166666582465e+01
-6.554641166666583274e+01
-5.962501166666583430e+01
-5.439631166666583084e+01
-4.874661166666583512e+01
-4.237721166666583628e+01
-3.680571166666583593e+01
-3.111551166666583867e+01
-2.544231166666583732e+01
-1.995771166666583696e+01
-1.543111166666583678e+01
-1.062761166666583890e+01
-5.788511666665838717e+00
-1.739911666665838963e+00
3.037988333334161073e+00
8.506588333334160978e+00
1.394658833333416226e+01
1.848738833333416309e+01
2.374468833333416384e+01
2.859538833333416363e+01
3.406858833333416214e+01
3.806928833333416407e+01
4.347238833333416608e+01
4.839288833333416306e+01
5.388398833333416604e+01
5.802888833333416585e+01
6.158008833333416732e+01
6.726028833333417367e+01
7.106228833333416617e+01
7.640548833333416212e+01
8.146338833333416574e+01
8.712818833333416535e+01
9.291718833333416683e+01
9.929218833333416683e+01
1.050832883333341670e+02
1.083830883333341717e+02
1.137906883333341739e+02
1.178589883333341675e+02
1.218616883333341718e+02
1.264704883333341741e+02
1.309820883333341612e+02
1.357155883333341819e+02
1.395845883333341817e+02
1.456931883333341773e+02
